%YAML:1.0

#--------------------------------------------------------------------------------------------
# Camera Parameters. Adjust them!
#--------------------------------------------------------------------------------------------
File.version: "1.0"

Camera.type: "PinHole"

System.SaveAtlasToFile: "Session_f_ov9281_stereo"

Camera1.fx: 417.7099818627913
Camera1.fy: 416.6664983216884
Camera1.cx: 378.67385038503704
Camera1.cy: 256.81141808893767

# [-0.36945558484010627, 0.11572207592823511, 0.005360085805236528, -0.007805885768518292]
Camera1.k1: -0.36945558484010627
Camera1.k2: 0.11572207592823511
Camera1.p1: 0.005360085805236528
Camera1.p2:  -0.007805885768518292

  # intrinsics: [414.2807920337213, 413.16589552300974, 310.3558561952813, 269.6817191706433]
Camera2.fx: 414.2807920337213
Camera2.fy: 413.16589552300974
Camera2.cx: 310.3558561952813
Camera2.cy: 269.6817191706433

# [-0.301639752448226, 0.05678839201838693, -0.0005159412138341332, -0.0015667437406330768]
Camera2.k1:  -0.301639752448226
Camera2.k2: 0.05678839201838693
Camera2.p1: -0.0005159412138341332
Camera2.p2: -0.0015667437406330768

Stereo.ThDepth: 40.0
Stereo.T_c1_c2: !!opencv-matrix
  rows: 4
  cols: 4
  dt: f
  # data:  [0.998923220304092, 0.013668485560558491, 0.04433477686622634, 0.04889749716097972,
  #         -0.011842998577384195, 0.9990815726295589, -0.04117954124001867, -0.0018429290499256798,
  #          -0.04485692055851973, 0.040610143246769356, 0.9981676577326468, -0.002089139187321627,
  #         0.0,0.0,0.0,1.0]
  data:  [0.9989889749292871, 0.0246504583315778, 0.03759498468922281, 0.05071564435818559,
          -0.025405424815983284, 0.9994823584874607, -0.0197377674084457, -0.0011256770453315977,
          -0.03708897895142398, 0.020672928587735877, 0.9990981121311133, -0.0006197093438773033,
          0.0,0.0,0.0,1.0]  



# Camera resolution
Camera.width: 640
Camera.height: 480

# Lapping area between images
Camera1.overlappingBegin: 0
Camera1.overlappingEnd: 639

Camera2.overlappingBegin: 0
Camera2.overlappingEnd: 639

# Camera frames per second
Camera.fps: 20

# Color order of the images (0: BGR, 1: RGB. It is ignored if images are grayscale)
Camera.RGB: 0

# Close/Far threshold. Baseline times.
# Stereo.ThDepth: 40.0

#--------------------------------------------------------------------------------------------
# ORB Parameters
#--------------------------------------------------------------------------------------------

# ORB Extractor: Number of features per image
ORBextractor.nFeatures: 1000

# ORB Extractor: Scale factor between levels in the scale pyramid
ORBextractor.scaleFactor: 1.2

# ORB Extractor: Number of levels in the scale pyramid
ORBextractor.nLevels: 8


# ORB Extractor: Fast threshold
# Image is divided in a grid. At each cell FAST are extracted imposing a minimum response.
# Firstly we impose iniThFAST. If no corners are detected we impose a lower value minThFAST
# You can lower these values if your images have low contrast
ORBextractor.iniThFAST: 20
ORBextractor.minThFAST: 7

#--------------------------------------------------------------------------------------------
# Viewer Parameters
#--------------------------------------------------------------------------------------------
Viewer.KeyFrameSize: 0.05
Viewer.KeyFrameLineWidth: 1.0
Viewer.GraphLineWidth: 1.0
Viewer.PointSize: 2.0
Viewer.CameraSize: 0.05
Viewer.CameraLineWidth: 2.0
Viewer.ViewpointX: 0.0
Viewer.ViewpointY: -10.0
Viewer.ViewpointZ: -0.1
Viewer.ViewpointF: 2000.0
