%YAML:1.0

#--------------------------------------------------------------------------------------------
# Camera Parameters. Adjust them!
#--------------------------------------------------------------------------------------------
File.version: "1.0"

Camera.type: "KannalaBrandt8"

# 480.0602965812303, 478.833467171161, 361.95689198352255, 268.7898055557608
# Camera1.fx: 419.08277206397037
# Camera1.fy: 416.95736104327113
# Camera1.cx: 314.00030371935947
# Camera1.cy: 266.12913712935966

Camera1.fx: 480.0602965812303
Camera1.fy: 478.833467171161
Camera1.cx: 361.95689198352255
Camera1.cy: 268.7898055557608

# Camera1.k1:  -0.28803595024965023
# Camera1.k2: 0.037100054801472514
# Camera1.k3: -0.0007825158546540176
# Camera1.k4:  -0.0006714819490096475

# [-0.3857790329823526, 1.4501949179817017, -3.668534602716932, 2.931992099961399]
Camera1.k1:  -0.3857790329823526
Camera1.k2: 1.4501949179817017
Camera1.k3: -3.668534602716932
Camera1.k4:  2.931992099961399


# 480.8440691572644, 479.93731285730917, 309.79712673993976, 265.46995437387005
# Camera2.fx: 419.08277206397037
# Camera2.fy:  416.95736104327113
# Camera2.cx: 314.00030371935947
# Camera2.cy: 266.12913712935966

Camera2.fx: 480.8440691572644
Camera2.fy:  479.93731285730917
Camera2.cx:  309.79712673993976
Camera2.cy: 265.46995437387005

# Kannala-Brandt distortion parameters
# [-0.32795173511121234, 1.4507302071738735, -3.5404987109408843, 2.7811007250727084]
# Camera2.k1:  -0.36051289372286444
# Camera2.k2: 0.10011349037461174
# Camera2.k3: 0.006466309526559717
# Camera2.k4: -0.009641482314175347

# [-0.4368799278832739, 2.4013061033255427, -6.43615689268671, 5.22773590220713]
Camera2.k1:  -0.4368799278832739
Camera2.k2: 2.4013061033255427
Camera2.k3: -6.43615689268671
Camera2.k4: 5.22773590220713

Stereo.ThDepth: 40.0
Stereo.T_c1_c2: !!opencv-matrix
  rows: 4
  cols: 4
  dt: f
  data:  [0.9974593317240213, -0.02123661164051574, -0.06799917560309131, -0.05033920745848665,
          0.024260051256793272, 0.9987391184818414, 0.04395023466528252, 0.001401886445592374,
           0.06698008263422718, -0.04548823518389727, 0.9967168549744545, 0.0027055350907995786,
          0.0,0.0,0.0,1.0]

  # data:  [0.998923220304092, 0.013668485560558491, 0.04433477686622634, 0.04889749716097972,
  #         -0.011842998577384195, 0.9990815726295589, -0.04117954124001867, -0.0018429290499256798,
  #          -0.04485692055851973, 0.040610143246769356, 0.9981676577326468, -0.002089139187321627,
  #         0.0,0.0,0.0,1.0]

# Camera resolution
Camera.width: 640
Camera.height: 480

# Lapping area between images
Camera1.overlappingBegin: 0
Camera1.overlappingEnd: 639

Camera2.overlappingBegin: 0
Camera2.overlappingEnd: 639

# Camera frames per second
Camera.fps: 20

# Color order of the images (0: BGR, 1: RGB. It is ignored if images are grayscale)
Camera.RGB: 0

# Close/Far threshold. Baseline times.
# Stereo.ThDepth: 40.0

#--------------------------------------------------------------------------------------------
# ORB Parameters
#--------------------------------------------------------------------------------------------

# ORB Extractor: Number of features per image
ORBextractor.nFeatures: 1000

# ORB Extractor: Scale factor between levels in the scale pyramid
ORBextractor.scaleFactor: 1.2

# ORB Extractor: Number of levels in the scale pyramid
ORBextractor.nLevels: 8


# ORB Extractor: Fast threshold
# Image is divided in a grid. At each cell FAST are extracted imposing a minimum response.
# Firstly we impose iniThFAST. If no corners are detected we impose a lower value minThFAST
# You can lower these values if your images have low contrast
ORBextractor.iniThFAST: 20
ORBextractor.minThFAST: 7

#--------------------------------------------------------------------------------------------
# Viewer Parameters
#--------------------------------------------------------------------------------------------
Viewer.KeyFrameSize: 0.05
Viewer.KeyFrameLineWidth: 1.0
Viewer.GraphLineWidth: 1.0
Viewer.PointSize: 2.0
Viewer.CameraSize: 0.05
Viewer.CameraLineWidth: 2.0
Viewer.ViewpointX: 0.0
Viewer.ViewpointY: -10.0
Viewer.ViewpointZ: -0.1
Viewer.ViewpointF: 2000.0
