%YAML:1.0

#--------------------------------------------------------------------------------------------
# Camera Parameters. Adjust them!
#--------------------------------------------------------------------------------------------
File.version: "1.0"

Camera.type: "KannalaBrandt8"
# Camera-system parameters:
# cam0 (/cam0/image_raw):
#     type: <class 'aslam_cv.libaslam_cv_python.EquidistantDistortedPinholeCameraGeometry'>
#     distortion: [ -0.50622857  -1.28016267  14.82117431 -36.21637194] +- [ 0.11135363  0.59263578  0.34843261  0.10151425]
#     projection: [ 590.33610475  538.81320542  324.70589674  194.75410853] +- [ 2.32657634  3.08620746  7.52072549  5.40926863]
#     reprojection error: [-0.002503, 0.000528] +- [0.494320, 0.484135]

# cam1 (/cam1/image_raw):
#     type: <class 'aslam_cv.libaslam_cv_python.EquidistantDistortedPinholeCameraGeometry'>
#     distortion: [-0.28367437 -2.28279509  8.66292113  5.99908004] +- [ 0.1861913   1.67028374  4.64772132  1.80160509]
#     projection: [ 576.02719271  527.99790792  329.20705012  198.75157891] +- [ 2.34036149  3.06162944  6.814515    6.75413945]
#     reprojection error: [0.002242, -0.000597] +- [0.487100, 0.474920]

# baseline T_1_0:
    # distortion: [ -0.19721085   0.67736038   1.94779624 -13.2338721 ] +- [ 0.10995968  0.86080332  1.76785422  1.00757437]
    # projection: [ 449.06540187  443.82354468  323.57328855  193.29055385] +-
# Left Camera calibration and distortion parameters (OpenCV)
Camera1.fx: 449.06540187
Camera1.fy: 443.82354468 
Camera1.cx: 323.57328855
Camera1.cy: 193.29055385
# Kannala-Brandt distortion parameters
Camera1.k1:  -0.19721085
Camera1.k2: 0.67736038 
Camera1.k3: 1.94779624
Camera1.k4: -13.2338721 

# Right Camera calibration and distortion parameters (OpenCV)
Camera2.fx: 449.06540187
Camera2.fy: 443.82354468 
Camera2.cx: 323.57328855
Camera2.cy: 193.29055385

# Kannala-Brandt distortion parameters
Camera2.k1:  -0.19721085
Camera2.k2: 0.67736038 
Camera2.k3: 1.94779624
Camera2.k4: -13.2338721 

Stereo.T_c1_c2: !!opencv-matrix
  rows: 4
  cols: 4
  dt: f
  data:  [0.9999999835032115, -1.3425323161980102e-05, 0.00018114452038327868, -0.0004307328876897871,
          1.339278343718621e-05, 0.9999999837761164, 0.00017963407257409384, -0.0001027902910798829,
           -0.00018114692908988627, -0.0001796316435813762, 0.9999999674591307, -0.0005175834177364668,
          0.0,0.0,0.0,1.0]



# Camera resolution
Camera.width: 640
Camera.height: 480

# Lapping area between images
Camera1.overlappingBegin: 0
Camera1.overlappingEnd: 1

Camera2.overlappingBegin: 0
Camera2.overlappingEnd: 1

# Camera frames per second
Camera.fps: 20

# Color order of the images (0: BGR, 1: RGB. It is ignored if images are grayscale)
Camera.RGB: 1

# Close/Far threshold. Baseline times.
Stereo.ThDepth: 40.0

#--------------------------------------------------------------------------------------------
# ORB Parameters
#--------------------------------------------------------------------------------------------

# ORB Extractor: Number of features per image
ORBextractor.nFeatures: 1000

# ORB Extractor: Scale factor between levels in the scale pyramid
ORBextractor.scaleFactor: 1.2

# ORB Extractor: Number of levels in the scale pyramid
ORBextractor.nLevels: 8


# ORB Extractor: Fast threshold
# Image is divided in a grid. At each cell FAST are extracted imposing a minimum response.
# Firstly we impose iniThFAST. If no corners are detected we impose a lower value minThFAST
# You can lower these values if your images have low contrast
ORBextractor.iniThFAST: 20
ORBextractor.minThFAST: 7

#--------------------------------------------------------------------------------------------
# Viewer Parameters
#--------------------------------------------------------------------------------------------
Viewer.KeyFrameSize: 0.05
Viewer.KeyFrameLineWidth: 1.0
Viewer.GraphLineWidth: 1.0
Viewer.PointSize: 2.0
Viewer.CameraSize: 0.05
Viewer.CameraLineWidth: 2.0
Viewer.ViewpointX: 0.0
Viewer.ViewpointY: -10.0
Viewer.ViewpointZ: -0.1
Viewer.ViewpointF: 2000.0
