%YAML:1.0

#--------------------------------------------------------------------------------------------
# Camera Parameters. Adjust them!
#--------------------------------------------------------------------------------------------
File.version: "1.0"

Camera.type: "KannalaBrandt8"
#   intrinsics: [409.4478757738202, 405.8704656308569, 306.02704158320853, 289.04542298746355]
# Camera calibration and distortion parameters (OpenCV) 
Camera1.fx: 409.4478757738202
Camera1.fy: 405.8704656308569
Camera1.cx: 306.02704158320853
Camera1.cy: 289.04542298746355

# -0.20388330946851713, 1.1862570118793592, -2.5017658570790022, 1.5447800224731203
#Camera.bFishEye: 1
Camera1.k1: -0.20388330946851713
Camera1.k2: 1.1862570118793592
Camera1.k3: -2.5017658570790022
Camera1.k4: 1.5447800224731203
    
# Camera resolution
Camera.width: 640
Camera.height: 480

# Camera frames per second 
Camera.fps: 20

# Color order of the images (0: BGR, 1: RGB. It is ignored if images are grayscale)
Camera.RGB: 1

# Transformation from body-frame (imu) to camera
IMU.T_b_c1: !!opencv-matrix
   rows: 4
   cols: 4
   dt: f
   data: [0.14709864016932037, -0.9877598479248695, -0.051889044005216545, -0.00029240940359808484, 
          0.04207159864081128, 0.058660355660873575, -0.9973910683686446, 7.607734280588625e-05,
         0.9882266797896843, 0.14453181484081046, 0.050185494424967, -1.8354571877420633e-05,
          0.0, 0.0, 0.0, 1.0]

# # IMU noise (Use those from VINS-mono)
IMU.NoiseGyro: 0.05 # rad/s^0.5 
IMU.NoiseAcc: 0.3 # m/s^1.5
IMU.GyroWalk: 0.005 # rad/s^1.5
IMU.AccWalk: 0.05 # m/s^2.5
IMU.Frequency: 200.0


#--------------------------------------------------------------------------------------------
# ORB Parameters
#--------------------------------------------------------------------------------------------

# ORB Extractor: Number of features per image
ORBextractor.nFeatures: 1500 # Tested with 1250

# ORB Extractor: Scale factor between levels in the scale pyramid 	
ORBextractor.scaleFactor: 1.2

# ORB Extractor: Number of levels in the scale pyramid	
ORBextractor.nLevels: 8

# ORB Extractor: Fast threshold
# Image is divided in a grid. At each cell FAST are extracted imposing a minimum response.
# Firstly we impose iniThFAST. If no corners are detected we impose a lower value minThFAST
# You can lower these values if your images have low contrast
ORBextractor.iniThFAST: 20
ORBextractor.minThFAST: 7

#--------------------------------------------------------------------------------------------
# Viewer Parameters
#--------------------------------------------------------------------------------------------
Viewer.KeyFrameSize: 0.05
Viewer.KeyFrameLineWidth: 1.0
Viewer.GraphLineWidth: 0.9
Viewer.PointSize: 2.0
Viewer.CameraSize: 0.08
Viewer.CameraLineWidth: 3.0
Viewer.ViewpointX: 0.0
Viewer.ViewpointY: -0.7
Viewer.ViewpointZ: -3.5
Viewer.ViewpointF: 500.0
